#Category 1
1420392, 367, 776
1422400, 367, 776
1424308, 366, 776
1426228, 366, 776
1428140, 370, 776
1437308, 386, 776
1447188, 412, 776
1457068, 423, 776
1466948, 455, 776
1476828, 477, 776
1486708, 509, 776
1496588, 551, 776
1506468, 565, 776
1516348, 548, 776
1526228, 517, 776
1536108, 487, 776
1545988, 461, 776
1555864, 454, 776
1565748, 447, 776
1575628, 433, 776
1585508, 429, 776
1595388, 428, 776
1605268, 428, 776
1615148, 423, 776
1625028, 421, 776
1634908, 428, 776
1644788, 400, 776
1654668, 387, 776
1664548, 389, 776
1674428, 389, 776
1684308, 393, 776
1694188, 390, 776
1704068, 392, 776
1713948, 390, 776
1723828, 388, 776
1733708, 388, 776
1743588, 393, 776
1753468, 393, 775
1763352, 378, 776
1773228, 375, 776
1783108, 374, 776
1792988, 373, 776
1802868, 377, 776
1812748, 384, 776
1822628, 381, 776
1832508, 363, 776
1842388, 408, 776
1852268, 573, 776
1862148, 584, 776
1872028, 328, 776
1881908, 203, 775
1891788, 393, 776
1901668, 437, 775
1911548, 455, 776
1921428, 465, 776
1931304, 487, 776
1941188, 502, 776
1951068, 472, 776
1960948, 424, 776
1970828, 504, 776
1980708, 572, 776
1990588, 614, 776
2000468, 644, 776
2010348, 659, 776
2020228, 661, 776
2030108, 663, 776
2039988, 663, 776
2049868, 664, 776
2059748, 664, 776
2069628, 664, 776
2079508, 665, 776
2089388, 664, 776
2099268, 664, 776
2109148, 665, 776
2119024, 665, 776
2128912, 665, 776
2138788, 665, 776
2148668, 665, 776
2158548, 665, 776
2168428, 665, 776
2178308, 665, 776
2188188, 665, 776
2198068, 665, 776
2207948, 665, 776
2217828, 665, 776
2227708, 665, 776
2237588, 665, 776
2247468, 665, 776
2257348, 665, 776
2267228, 665, 776
2277108, 665, 776
2286984, 665, 776
2296868, 665, 776
2306748, 665, 776
2316628, 665, 776
2326508, 665, 776
2336388, 665, 776
2346268, 665, 776
2356148, 665, 776
2366028, 665, 776
2375904, 665, 776
2385788, 665, 776
2395668, 665, 776
2405548, 664, 776
2415428, 664, 776
2425308, 664, 776
2435188, 662, 776
2445068, 389, 776
2454948, 427, 776
2464828, 502, 776
2474708, 459, 776
2484588, 446, 776
2494476, 413, 776
2504348, 376, 776
2514228, 351, 776
2524108, 317, 776
2533988, 301, 776
2543868, 281, 776
2553748, 255, 775
2563628, 242, 776
2573508, 227, 776
2583388, 208, 775
2593268, 201, 775
2603148, 191, 775
2613028, 180, 775
2622908, 175, 775
2632788, 164, 775
2642668, 137, 775
2652548, 94, 775
2661908, 39, 775
2671268, 0, 775
2680108, 0, 775
2688948, 0, 775
2697788, 0, 775
2706628, 0, 775
2715468, 0, 775
2724308, 0, 775
2733148, 0, 775
2741988, 0, 775
2750828, 0, 775
2759668, 0, 775
2768508, 0, 775
2777348, 0, 775
2786188, 0, 775
2795028, 0, 775
2803868, 0, 775
2812708, 0, 775
2821548, 0, 775
2830388, 0, 775
2839228, 0, 775
2848068, 0, 775
2856908, 0, 775
2865748, 0, 775
2874588, 0, 775
2883428, 0, 775
2892268, 0, 775
2901108, 0, 775
2909948, 0, 775
2918788, 0, 775
2927632, 0, 775
2936468, 0, 775
2945308, 0, 775
2954148, 0, 775
2962988, 0, 775
2971828, 0, 775
2980668, 0, 775
2989508, 0, 775
2998348, 0, 775
3007188, 0, 775
3016028, 0, 775
3024868, 0, 775
3033708, 0, 775
3042548, 0, 775
3051388, 0, 775
3060228, 0, 775
3069068, 0, 775
3077908, 0, 775
3086748, 0, 775
3095588, 0, 775
3104428, 0, 775
3113268, 0, 775
3122108, 0, 775
3130948, 0, 775
3139788, 0, 775
3148628, 0, 775
3157468, 0, 775
3166308, 0, 775
3175148, 0, 775
3183988, 0, 775
3192828, 0, 775
3201668, 0, 775
3210508, 0, 775
3219348, 0, 775
3228188, 0, 775
3237028, 0, 775
3245868, 0, 775
3254708, 0, 775
3263548, 0, 775
3272388, 0, 775
3281228, 0, 775
3290068, 0, 775
3298908, 0, 775
3307748, 0, 775
3316588, 0, 775
3325428, 0, 775
3334268, 0, 775
3343108, 0, 775
3351948, 4, 775
3360792, 21, 775
3370148, 18, 775
3379508, 26, 775
3388868, 39, 775
3398228, 57, 775
3407588, 31, 775
3416948, 26, 775
3426316, 39, 775
3435668, 56, 775
3445024, 76, 775
3454388, 74, 775
3463748, 90, 775
3473108, 96, 775
3482468, 101, 775
3492348, 124, 775
3502228, 138, 775
3512108, 144, 775
3521988, 158, 775
3531868, 166, 775
3541748, 158, 775
3551624, 168, 775
3561508, 167, 775
3571388, 159, 775
3581268, 162, 775
3591148, 157, 775
3601028, 166, 775
3610904, 153, 775
3620788, 216, 775
3630668, 357, 775
3640548, 320, 775
3650428, 66, 775
3659792, 0, 775
3668628, 154, 775
3678508, 234, 775
3688388, 236, 775
3698268, 263, 775
3708148, 269, 775
3718028, 257, 775
3727908, 238, 775
3737784, 230, 775
3747668, 180, 775
3757548, 138, 775
3767428, 152, 775
3777308, 163, 775
3787188, 158, 775
3797068, 156, 775
3806948, 164, 775
3816828, 176, 775
3826712, 194, 775
3836588, 207, 775
3846468, 203, 775
3856348, 184, 775
3866228, 164, 775
3876108, 134, 775
3885988, 109, 775
3895868, 86, 775
3905228, 71, 775
3914588, 58, 775
3923948, 47, 775
3933308, 56, 775
3942668, 51, 775
3952028, 55, 775
3961388, 60, 775
3970748, 67, 775
3980108, 77, 775
3989468, 73, 775
3998828, 91, 775
4008188, 98, 775
4017548, 111, 775
4027428, 126, 775
4037308, 141, 775
4047184, 158, 775
4057068, 182, 775
4066948, 199, 775
4076828, 216, 775
4086708, 228, 775
4096588, 242, 775
4106468, 246, 775
4116348, 293, 775
4126228, 281, 775
4136108, 266, 775
4145988, 285, 775
4155868, 357, 775
4165748, 332, 775
4175628, 307, 775
4185508, 323, 775
4195388, 329, 775
4205268, 357, 775
4215144, 338, 775
4225036, 352, 775
4234908, 363, 775
4244788, 359, 775
4254668, 364, 775
4264548, 376, 775
4274424, 384, 775
4284308, 387, 775
4294188, 392, 775
4304068, 383, 776
4313948, 489, 776
4323828, 590, 776
4333708, 452, 775
4343588, 190, 775
4353468, 275, 775
4363348, 412, 776
4373228, 432, 776
4383104, 449, 776
4392988, 457, 776
4402868, 467, 776
4412748, 478, 776
endOfStimuli
#Category 2
4531212, 584, 776
4533116, 586, 776
4535028, 588, 776
4536948, 589, 776
4538868, 588, 776
4548120, 594, 776
4558000, 583, 776
4567880, 561, 776
4577760, 538, 776
4587636, 521, 776
4597524, 517, 776
4607396, 510, 776
4617280, 507, 776
4627156, 508, 776
4637040, 498, 776
4646928, 501, 776
4656800, 527, 776
4666680, 561, 776
4676564, 563, 776
4686440, 570, 776
4696324, 543, 776
4706200, 580, 776
4716076, 585, 776
4725960, 543, 776
4735836, 535, 776
4745716, 540, 776
4755596, 520, 776
4765480, 530, 776
4775360, 553, 776
4785240, 538, 776
4795120, 535, 776
4804996, 513, 776
4814880, 524, 776
4824760, 537, 776
4834636, 524, 776
4844516, 506, 776
4854400, 487, 776
4864280, 470, 776
4874160, 455, 776
4884040, 447, 776
4893920, 432, 776
4903796, 421, 776
4913676, 419, 776
4923564, 415, 776
4933444, 405, 776
4943316, 393, 776
4953196, 380, 776
4963076, 377, 776
4972960, 364, 776
4982840, 369, 776
4992720, 383, 776
5002600, 406, 776
5012492, 406, 776
5022360, 396, 776
5032236, 562, 776
5042116, 659, 776
5052000, 519, 776
5061876, 143, 776
5071760, 339, 776
5081640, 418, 776
5091520, 402, 776
5101396, 404, 776
5111280, 401, 776
5121160, 394, 775
5131036, 400, 776
5140916, 396, 775
5150800, 393, 776
5160680, 394, 776
5170556, 392, 776
5180444, 398, 776
5190316, 390, 776
5200200, 402, 776
5210076, 410, 776
5219960, 421, 776
5229840, 441, 776
5239716, 465, 776
5249600, 491, 776
5259480, 481, 776
5269360, 452, 776
5279236, 413, 776
5289120, 385, 776
5299000, 368, 776
5308880, 355, 776
5318760, 347, 776
5328640, 333, 776
5338524, 325, 775
5348400, 328, 775
5358276, 321, 775
5368164, 324, 776
5378044, 326, 776
5387920, 325, 776
5397796, 330, 775
5407676, 327, 775
5417560, 326, 775
5427436, 331, 776
5437316, 327, 775
5447200, 332, 776
5457080, 333, 775
5466956, 335, 775
5476840, 335, 775
5486720, 338, 775
5496600, 338, 776
5506476, 335, 775
5516364, 342, 775
5526236, 337, 775
5536120, 335, 775
5546004, 332, 776
5555880, 328, 775
5565756, 329, 776
5575640, 327, 775
5585516, 327, 775
5595400, 330, 775
5605284, 339, 775
5615156, 344, 775
5625040, 334, 775
5634920, 321, 775
5644796, 327, 775
5654680, 330, 775
5664560, 336, 775
5674440, 342, 775
5684320, 347, 775
5694200, 328, 775
5704084, 302, 775
5713956, 437, 775
5723840, 595, 775
5733720, 459, 776
5743596, 26, 775
5752960, 182, 775
5762840, 308, 775
5772720, 299, 775
5782604, 314, 775
5792484, 304, 776
5802356, 297, 775
5812244, 312, 775
5822116, 330, 775
5832000, 336, 775
5841880, 334, 775
5851760, 328, 775
5861644, 321, 775
5871524, 323, 775
5881396, 340, 775
5891276, 349, 775
5901156, 369, 775
5911036, 384, 776
5920920, 402, 775
5930796, 418, 775
5940680, 415, 776
5950560, 407, 776
5960440, 382, 775
5970324, 350, 775
5980200, 328, 775
5990080, 308, 775
5999960, 301, 776
6009840, 291, 775
6019724, 294, 775
6029600, 291, 776
6039480, 291, 775
6049360, 299, 775
6059240, 293, 775
6069120, 295, 775
6078996, 305, 776
6088876, 299, 775
6098760, 309, 775
6108640, 313, 775
6118524, 318, 775
6128404, 317, 775
6138280, 317, 775
6148156, 322, 775
6158040, 314, 775
6167920, 313, 775
6177808, 310, 775
6187680, 313, 775
6197560, 311, 775
6207444, 314, 775
6217316, 318, 775
6227200, 313, 775
6237076, 315, 775
6246960, 316, 775
6256840, 286, 775
6266720, 298, 775
6276596, 305, 776
6286476, 307, 775
6296360, 301, 775
6306244, 298, 775
6316116, 308, 775
6326000, 278, 775
6335880, 342, 775
6345760, 510, 775
6355640, 525, 775
6365520, 195, 775
6375396, 73, 775
6384756, 267, 775
6394640, 286, 775
6404520, 302, 775
6414396, 322, 775
6424276, 322, 775
6434160, 332, 775
6444048, 331, 775
6453916, 329, 775
6463800, 325, 775
6473680, 326, 775
6483556, 330, 775
6493440, 331, 775
6503316, 348, 775
6513200, 369, 776
6523080, 383, 775
6532960, 405, 776
6542836, 422, 776
6552720, 435, 776
6562600, 438, 776
6572480, 426, 775
6582360, 409, 776
6592236, 369, 776
6602120, 340, 775
6612000, 323, 776
6621880, 308, 775
6631760, 304, 776
6641640, 305, 775
6651520, 296, 775
6661400, 271, 775
6671280, 288, 775
6681156, 297, 775
6691040, 306, 775
6700920, 313, 775
6710800, 311, 776
6720684, 314, 775
6730564, 316, 775
6740440, 313, 775
6750320, 309, 775
6760196, 302, 775
6770080, 303, 775
6779960, 313, 776
6789840, 319, 775
6799724, 329, 775
6809612, 327, 775
6819476, 316, 775
6829364, 322, 775
6839236, 313, 775
6849120, 318, 775
6859000, 310, 775
6868880, 302, 776
6878764, 297, 775
6888640, 297, 775
6898520, 299, 775
6908400, 300, 775
6918280, 282, 775
6928156, 315, 775
6938040, 477, 775
6947920, 545, 776
6957800, 306, 775
6967676, 60, 775
6977040, 260, 775
6986924, 311, 775
6996804, 311, 776
7006676, 315, 775
7016560, 322, 776
7026436, 328, 775
7036320, 336, 775
7046200, 332, 775
7056076, 332, 775
7065960, 329, 775
7075852, 324, 775
7085720, 325, 775
7095600, 347, 775
7105480, 350, 775
7115360, 371, 775
7125240, 392, 775
7135116, 410, 776
7145004, 415, 776
7154880, 418, 775
7164760, 418, 776
7174640, 398, 775
7184516, 372, 775
7194400, 346, 776
7204280, 325, 775
7214160, 316, 775
7224040, 304, 775
7233916, 291, 775
7243804, 298, 775
7253680, 298, 776
7263560, 299, 775
7273436, 299, 775
7283316, 307, 775
7293200, 308, 775
7303076, 308, 775
7312960, 312, 775
7322844, 311, 775
7332720, 318, 775
7342596, 319, 775
7352480, 322, 775
7362360, 329, 775
7372240, 328, 775
7382120, 333, 775
7392000, 327, 776
7401880, 333, 775
7411760, 333, 775
7421636, 337, 775
7431520, 345, 775
7441404, 333, 775
7451280, 326, 775
7461156, 325, 775
7471036, 321, 775
7480920, 323, 776
7490800, 312, 775
7500680, 318, 775
7510556, 302, 775
7520436, 285, 775
7530316, 443, 776
endOfStimuli
