#Category 1
1419016, 518, 561
1421020, 528, 561
1422932, 525, 561
1424844, 509, 561
1426756, 424, 561
1435936, 121, 561
1445816, 201, 561
1455696, 285, 561
1465576, 311, 561
1475456, 317, 561
1485336, 326, 561
1495216, 324, 561
1505096, 326, 561
1514976, 331, 561
1524856, 336, 561
1534736, 337, 561
1544616, 336, 561
1554496, 342, 561
1564376, 342, 561
1574256, 348, 561
1584144, 354, 561
1594016, 357, 561
1603896, 370, 561
1613776, 377, 561
1623656, 389, 561
1633536, 399, 561
1643416, 398, 561
1653296, 399, 561
1663176, 399, 561
1673056, 376, 561
1682936, 354, 561
1692816, 332, 561
1702696, 314, 561
1712576, 311, 561
1722456, 300, 561
1732336, 296, 561
1742216, 299, 561
1752096, 296, 561
1761976, 297, 561
1771856, 299, 561
1781736, 301, 561
1791616, 305, 561
1801496, 304, 561
1811376, 307, 561
1821256, 314, 561
1831136, 314, 561
1841016, 315, 561
1850896, 320, 561
1860776, 322, 561
1870656, 317, 562
1880536, 319, 562
1890416, 318, 561
1900296, 312, 562
1910176, 310, 562
1920056, 311, 562
1929936, 312, 562
1939816, 315, 562
1949704, 321, 561
1959576, 316, 562
1969456, 322, 562
1979336, 322, 562
1989216, 320, 562
1999096, 327, 562
2008976, 331, 562
2018856, 331, 562
2028736, 331, 562
2038616, 324, 562
2048496, 327, 562
2058376, 330, 562
2068256, 324, 562
2078136, 324, 562
2088016, 338, 562
2097896, 388, 562
2107776, 494, 562
2117656, 508, 562
2127536, 221, 562
2137416, 178, 562
2147296, 290, 562
2157176, 327, 562
2167056, 327, 562
2176936, 331, 562
2186816, 335, 562
2196696, 339, 562
2206576, 346, 562
2216456, 343, 562
2226336, 347, 562
2236216, 353, 562
2246096, 357, 562
2255976, 358, 562
2265856, 357, 562
2275736, 367, 562
2285616, 376, 562
2295496, 380, 562
2305376, 388, 562
2315260, 394, 562
2325136, 404, 562
2335016, 406, 562
2344896, 408, 562
2354776, 404, 562
2364656, 396, 562
2374536, 378, 562
2384416, 359, 562
2394296, 341, 562
2404176, 330, 562
2414056, 323, 562
2423936, 321, 562
2433816, 322, 562
2443696, 314, 562
2453576, 316, 562
2463456, 318, 562
2473336, 319, 562
2483220, 321, 562
2493096, 319, 562
2502976, 320, 561
2512856, 321, 561
2522736, 320, 561
2532616, 321, 561
2542496, 320, 561
2552376, 323, 561
2562256, 323, 561
2572136, 321, 561
2582016, 321, 561
2591896, 324, 561
2601776, 324, 561
2611656, 328, 561
2621536, 326, 561
2631416, 326, 561
2641296, 325, 561
2651176, 327, 561
2661056, 323, 561
2670936, 319, 561
2680816, 325, 561
2690696, 326, 561
2700576, 329, 561
2710456, 331, 560
2720336, 326, 560
2730216, 325, 560
2740096, 324, 560
2749976, 322, 560
2759856, 324, 560
2769736, 323, 560
2779616, 327, 560
2789496, 337, 560
2799376, 386, 560
2809256, 496, 560
2819136, 508, 560
2829016, 198, 560
2838896, 166, 559
2848792, 289, 559
2858656, 323, 559
2868536, 327, 559
2878416, 328, 559
2888296, 329, 559
2898176, 334, 559
2908056, 335, 559
2917936, 334, 559
2927816, 339, 559
2937696, 341, 559
2947576, 348, 559
2957456, 352, 559
2967336, 355, 559
2977216, 359, 558
2987096, 366, 558
2996976, 376, 558
3006856, 388, 558
3016736, 397, 558
3026616, 405, 558
3036496, 411, 558
3046376, 409, 558
3056256, 403, 558
3066136, 389, 558
3076016, 370, 558
3085896, 348, 558
3095776, 330, 558
3105656, 314, 558
3115536, 305, 558
3125416, 303, 557
3135296, 300, 557
3145176, 299, 557
3155056, 301, 557
3164936, 300, 557
3174816, 302, 557
3184696, 305, 557
3194576, 308, 557
3204456, 309, 557
3214344, 309, 557
3224216, 312, 557
3234096, 314, 557
3243976, 314, 557
3253856, 315, 557
3263736, 317, 557
3273616, 318, 556
3283496, 320, 556
3293376, 317, 556
3303256, 319, 556
3313136, 319, 556
3323016, 320, 556
3332896, 322, 556
3342776, 322, 556
3352656, 324, 556
3362536, 323, 556
3372416, 323, 556
3382296, 324, 556
3392176, 327, 556
3402056, 332, 556
3411936, 339, 556
3421816, 338, 556
3431696, 335, 556
3441576, 332, 556
3451456, 332, 556
3461336, 332, 556
3471216, 333, 556
3481096, 333, 555
3490976, 334, 556
3500856, 360, 556
3510736, 433, 555
3520616, 539, 555
3530496, 414, 555
3540376, 137, 555
3550256, 242, 555
3560136, 312, 555
3570016, 342, 555
3579900, 347, 555
3589776, 349, 555
3599656, 349, 555
3609536, 352, 555
3619416, 353, 555
3629296, 353, 555
3639176, 357, 555
3649056, 359, 555
3658936, 364, 555
3668816, 370, 555
3678696, 375, 555
3688576, 383, 555
3698456, 390, 555
3708336, 400, 555
3718216, 411, 555
3728096, 422, 555
3737976, 426, 555
3747860, 428, 555
3757736, 428, 555
3767616, 420, 555
3777496, 404, 555
3787376, 381, 555
3797256, 359, 555
3807136, 338, 555
3817016, 326, 555
3826896, 315, 555
3836776, 312, 555
3846656, 309, 555
3856536, 310, 555
3866416, 309, 555
3876296, 313, 555
3886176, 314, 555
3896056, 316, 555
3905936, 319, 555
3915816, 321, 555
3925696, 321, 555
3935576, 321, 555
3945456, 322, 555
3955336, 321, 555
3965216, 320, 555
3975096, 319, 555
3984976, 317, 555
3994856, 315, 555
4004736, 314, 555
4014616, 312, 555
4024496, 314, 555
4034376, 316, 555
4044256, 316, 555
4054136, 318, 555
4064016, 319, 555
4073896, 320, 555
4083776, 318, 555
4093656, 323, 555
4103536, 326, 555
4113432, 331, 555
4123296, 332, 555
4133176, 328, 555
4143056, 325, 555
4152936, 322, 555
4162816, 323, 555
4172696, 322, 555
4182576, 319, 555
4192456, 319, 555
4202336, 327, 555
4212216, 378, 555
4222096, 484, 555
4231976, 491, 555
4241856, 188, 555
4251736, 161, 555
4261616, 281, 555
4271496, 319, 555
4281376, 327, 555
4291256, 331, 555
4301136, 335, 555
4311016, 341, 555
4320896, 342, 555
4330776, 345, 555
4340656, 350, 555
4350536, 352, 555
4360416, 355, 555
4370296, 358, 555
4380176, 366, 555
4390056, 370, 555
4399936, 374, 555
4409816, 383, 555
4419696, 395, 556
4429576, 405, 555
4439456, 414, 556
4449336, 418, 556
4459216, 419, 556
4469096, 414, 556
4478984, 403, 556
4488856, 387, 556
4498736, 363, 556
4508616, 344, 556
4518496, 329, 556
4528376, 322, 556
4538256, 317, 556
4548136, 310, 556
4558016, 312, 556
4567896, 312, 556
4577776, 313, 556
4587656, 313, 556
4597536, 313, 556
4607416, 315, 556
4617296, 314, 556
4627176, 314, 556
4637056, 316, 556
4646936, 317, 556
4656816, 319, 556
4666696, 317, 556
4676576, 318, 556
4686456, 318, 556
4696336, 318, 556
4706216, 319, 556
4716096, 316, 556
4725976, 316, 556
4735856, 316, 556
4745736, 316, 556
4755616, 316, 556
4765496, 319, 556
4775376, 320, 556
4785256, 319, 556
4795136, 319, 556
4805016, 320, 556
4814896, 319, 556
4824776, 328, 556
4834656, 330, 556
4844540, 323, 556
4854416, 322, 556
4864296, 320, 556
4874176, 319, 556
4884056, 319, 556
4893936, 320, 556
4903816, 322, 556
4913696, 332, 556
4923576, 388, 556
4933456, 493, 556
4943336, 483, 556
4953216, 171, 556
4963096, 167, 556
4972976, 281, 556
4982856, 318, 556
4992736, 324, 556
5002616, 325, 556
5012500, 329, 556
5022376, 331, 556
5032256, 334, 556
5042136, 334, 556
5052016, 340, 556
5061896, 342, 556
5071776, 344, 556
5081656, 350, 556
5091536, 358, 556
5101416, 363, 557
5111296, 369, 556
5121176, 380, 557
5131056, 392, 556
5140936, 404, 557
5150816, 410, 557
5160696, 416, 557
5170576, 418, 556
5180456, 414, 557
5190336, 405, 557
5200216, 385, 557
5210096, 362, 557
5219976, 340, 557
5229856, 325, 557
5239736, 317, 557
5249616, 311, 557
5259496, 308, 557
5269376, 309, 557
5279256, 311, 557
5289136, 312, 557
5299016, 314, 557
5308896, 317, 557
5318776, 320, 557
5328656, 320, 557
5338536, 327, 557
5348416, 326, 557
5358296, 323, 557
5368176, 324, 557
5378064, 327, 557
5387936, 323, 557
5397816, 325, 557
5407696, 322, 557
5417576, 324, 557
5427456, 326, 557
5437336, 326, 557
5447216, 324, 557
5457096, 322, 557
5466976, 324, 557
5476856, 329, 557
5486736, 330, 557
5496616, 328, 557
5506496, 328, 557
5516376, 331, 557
5526256, 339, 557
5536136, 338, 557
5546016, 333, 557
5555896, 334, 557
5565776, 331, 557
5575656, 331, 557
5585536, 332, 557
5595416, 331, 557
5605296, 335, 557
5615176, 347, 557
5625056, 402, 557
5634936, 505, 557
5644816, 482, 557
5654696, 180, 557
5664576, 176, 557
5674456, 287, 557
5684336, 326, 557
5694216, 343, 557
5704096, 345, 557
5713976, 346, 557
5723856, 349, 557
5733736, 352, 557
5743624, 355, 557
5753496, 359, 557
5763376, 361, 557
5773256, 362, 557
5783136, 366, 557
5793016, 370, 557
5802896, 376, 557
5812776, 384, 557
5822656, 390, 557
5832536, 401, 557
5842416, 412, 557
5852296, 418, 557
5862176, 422, 557
5872056, 423, 558
5881936, 418, 557
5891816, 406, 558
5901696, 384, 558
5911576, 360, 558
5921456, 340, 558
5931336, 324, 558
5941216, 312, 558
5951096, 307, 558
5960976, 305, 558
5970856, 302, 558
5980736, 301, 558
5990616, 302, 558
6000496, 303, 558
6010376, 305, 558
6020256, 305, 558
6030136, 306, 558
6040016, 307, 558
6049896, 308, 558
6059776, 310, 558
6069656, 310, 558
6079536, 308, 558
6089416, 309, 558
6099296, 311, 558
6109180, 308, 558
6119056, 310, 558
6128936, 310, 558
6138816, 311, 558
6148696, 310, 558
6158576, 311, 558
6168456, 311, 558
6178336, 313, 558
6188216, 315, 558
6198096, 315, 558
6207976, 314, 558
6217856, 317, 558
6227736, 318, 558
6237616, 325, 558
6247496, 329, 558
6257376, 326, 558
6267256, 324, 558
6277140, 323, 558
6287016, 322, 558
6296896, 325, 558
6306776, 322, 558
6316656, 325, 558
6326536, 339, 558
6336416, 392, 558
6346296, 494, 558
6356176, 483, 558
6366056, 183, 558
6375936, 171, 558
6385816, 282, 558
6395696, 321, 558
6405576, 335, 558
6415456, 334, 558
6425336, 339, 558
6435216, 342, 558
6445096, 342, 558
6454976, 345, 558
6464856, 350, 558
6474736, 354, 558
6484616, 356, 558
6494496, 358, 558
6504376, 365, 558
6514256, 371, 558
6524136, 386, 558
6534016, 380, 558
6543896, 382, 558
6553776, 401, 558
6563656, 405, 558
6573536, 416, 558
6583416, 424, 558
6593296, 419, 558
6603176, 398, 558
6613056, 380, 558
6622936, 356, 558
6632816, 338, 558
6642704, 376, 558
6652576, 369, 558
6662456, 292, 558
6672336, 273, 558
6682216, 308, 558
6692096, 300, 558
6701976, 311, 558
6711856, 271, 558
6721736, 276, 558
6731616, 284, 558
6741496, 272, 558
6751376, 245, 558
6761256, 250, 558
6771136, 306, 558
6781016, 376, 558
6790896, 389, 559
6800776, 307, 558
6810656, 313, 558
6820536, 306, 558
6830416, 308, 558
6840296, 319, 559
6850176, 319, 558
6860056, 333, 559
6869936, 304, 559
6879816, 317, 559
6889696, 309, 558
6899576, 273, 559
6909456, 249, 559
6919336, 305, 559
6929216, 323, 559
6939096, 327, 559
6948976, 326, 558
6958856, 359, 559
6968736, 325, 559
6978616, 361, 559
6988496, 386, 559
6998376, 372, 559
7008264, 237, 559
7018136, 256, 559
7028016, 437, 559
7037896, 420, 559
7047776, 351, 559
7057656, 432, 559
7067536, 529, 559
7077416, 362, 559
7087296, 133, 559
7097176, 270, 559
7107056, 326, 558
7116936, 338, 558
7126816, 340, 559
7136696, 351, 558
7146576, 349, 558
7156456, 334, 558
7166336, 324, 558
7176216, 371, 558
7186096, 394, 559
7195976, 388, 558
7205856, 363, 558
7215736, 377, 559
7225616, 378, 558
7235496, 368, 558
7245376, 360, 558
7255256, 393, 558
7265136, 400, 558
7275016, 446, 558
7284896, 425, 558
7294776, 396, 558
7304656, 354, 558
7314536, 355, 558
7324416, 405, 559
7334296, 390, 558
7344176, 375, 558
7354056, 334, 558
7363936, 321, 558
7373820, 323, 558
7383696, 302, 558
7393576, 260, 558
7403456, 338, 558
7413336, 384, 559
7423216, 345, 559
7433096, 303, 559
7442976, 291, 559
7452856, 296, 559
7462736, 320, 559
7472616, 335, 559
7482496, 342, 559
7492376, 324, 559
7502256, 292, 559
7512136, 292, 559
7522016, 302, 559
7531896, 317, 559
7541780, 347, 559
7551656, 354, 559
7561536, 342, 559
7571416, 331, 559
7581296, 329, 559
7591176, 326, 559
7601056, 327, 559
7610936, 337, 559
7620816, 342, 559
7630696, 336, 559
7640576, 332, 559
7650456, 336, 559
7660336, 333, 559
7670216, 335, 559
7680096, 327, 559
7689976, 324, 559
7699856, 323, 559
7709736, 319, 559
7719616, 318, 559
7729496, 332, 559
7739376, 386, 559
7749256, 479, 559
7759136, 502, 559
7769016, 239, 559
7778896, 141, 559
7788776, 263, 559
7798656, 305, 559
7808536, 319, 559
7818416, 328, 559
7828296, 339, 559
7838176, 345, 559
7848056, 343, 559
7857936, 347, 559
7867816, 353, 559
7877696, 353, 559
7887576, 355, 559
7897456, 359, 559
7907344, 359, 559
7917216, 360, 559
7927096, 368, 559
7936976, 369, 559
7946856, 382, 559
7956736, 390, 559
7966616, 400, 559
7976496, 407, 559
7986376, 411, 559
7996256, 408, 559
8006136, 400, 559
8016016, 380, 559
8025896, 353, 559
8035776, 341, 559
8045656, 326, 559
8055536, 309, 559
8065416, 304, 559
8075296, 303, 559
8085176, 301, 559
8095056, 302, 559
8104936, 304, 559
8114816, 313, 560
8124696, 316, 560
8134576, 330, 560
8144456, 330, 560
8154336, 316, 559
8164216, 335, 560
8174096, 332, 560
8183976, 320, 560
8193856, 328, 560
8203736, 346, 560
8213616, 361, 560
8223496, 319, 560
8233376, 326, 560
8243256, 337, 560
8253136, 330, 560
8263016, 321, 560
8272904, 344, 560
8282776, 381, 560
8292656, 375, 560
8302536, 350, 560
8312416, 357, 560
8322296, 359, 560
8332176, 361, 560
8342056, 383, 560
8351936, 403, 560
8361816, 398, 560
8371696, 405, 560
8381576, 367, 560
8391456, 445, 560
8401336, 297, 560
8411216, 351, 560
8421096, 399, 560
8430976, 444, 560
8440856, 331, 560
8450736, 386, 560
8460616, 429, 560
8470496, 459, 560
8480376, 530, 560
8490256, 387, 560
8500136, 185, 560
8510016, 305, 560
8519896, 383, 560
8529776, 326, 560
8539656, 333, 560
8549536, 400, 560
8559416, 406, 560
8569296, 380, 560
8579176, 374, 560
8589056, 321, 560
8598936, 382, 560
8608816, 374, 560
8618696, 401, 560
8628576, 405, 560
8638460, 335, 560
8648336, 406, 560
8658216, 405, 560
8668096, 409, 560
8677976, 422, 560
8687856, 421, 560
8697736, 434, 560
8707616, 441, 560
8717496, 441, 560
8727376, 431, 560
8737256, 411, 560
8747136, 391, 560
8757016, 374, 560
8766896, 360, 560
8776776, 332, 560
8786656, 340, 560
8796536, 348, 560
8806420, 335, 560
8816296, 341, 560
8826176, 322, 561
8836056, 317, 561
8845936, 325, 561
8855816, 337, 561
8865696, 345, 561
8875576, 330, 561
8885456, 312, 561
8895336, 337, 561
8905216, 346, 561
8915096, 342, 561
8924976, 364, 561
8934856, 306, 561
8944736, 321, 561
8954616, 333, 561
8964496, 334, 561
8974376, 333, 561
8984256, 330, 561
8994136, 356, 561
9004016, 310, 561
9013896, 334, 561
9023776, 343, 561
9033656, 348, 561
9043536, 356, 561
9053416, 355, 561
9063296, 382, 561
9073176, 334, 561
9083056, 351, 561
9092936, 346, 561
9102816, 345, 561
9112696, 351, 561
9122576, 344, 561
9132456, 358, 561
9142336, 351, 561
9152216, 352, 561
9162096, 358, 561
9171984, 413, 561
9181856, 513, 561
9191736, 459, 561
9201616, 165, 561
9211496, 211, 561
9221376, 315, 561
9231256, 342, 561
9241136, 342, 561
9251016, 355, 561
9260896, 340, 561
9270776, 339, 561
9280656, 345, 561
9290536, 346, 561
9300416, 345, 561
9310296, 342, 561
9320176, 347, 561
9330056, 352, 561
9339936, 356, 561
9349816, 361, 561
9359696, 370, 561
9369576, 382, 561
9379456, 390, 561
9389336, 393, 561
9399216, 399, 561
9409096, 404, 561
9418976, 398, 561
9428856, 393, 561
9438736, 380, 561
9448616, 363, 561
9458496, 345, 561
9468376, 328, 561
9478256, 309, 561
9488136, 294, 561
9498016, 307, 561
9507896, 316, 561
9517776, 307, 561
9527656, 302, 561
9537544, 288, 561
9547416, 294, 561
9557296, 311, 561
9567176, 316, 561
9577056, 311, 561
9586936, 311, 561
9596816, 319, 561
9606696, 310, 561
9616576, 326, 561
9626456, 336, 561
9636336, 333, 561
9646216, 329, 561
9656096, 325, 561
9665976, 326, 561
9675856, 321, 561
9685736, 315, 561
9695616, 320, 561
9705496, 313, 561
9715376, 308, 561
9725256, 311, 561
9735136, 308, 561
9745016, 305, 561
9754896, 301, 561
9764776, 300, 561
9774656, 298, 561
9784536, 307, 561
9794416, 318, 561
9804296, 325, 561
9814176, 317, 561
9824056, 312, 561
9833936, 303, 561
9843816, 303, 561
9853696, 304, 561
9863576, 307, 561
9873456, 312, 561
9883336, 352, 561
9893216, 425, 561
9903100, 504, 561
9912976, 343, 561
9922856, 106, 561
9932736, 223, 561
9942616, 299, 561
9952496, 319, 561
9962376, 325, 561
9972256, 334, 561
9982136, 351, 561
9992016, 327, 561
10001896, 320, 561
10012296, 341, 561
10022696, 342, 561
10033096, 343, 561
10043496, 350, 561
10053896, 361, 561
10064296, 350, 561
10074696, 340, 561
10085096, 356, 561
10095496, 369, 561
10105896, 396, 561
10116296, 397, 561
10126696, 228, 561
10137096, 344, 561
10147496, 396, 561
10157896, 374, 561
10168296, 355, 561
10178696, 327, 561
10189096, 336, 561
10199496, 327, 561
10209896, 312, 561
10220296, 325, 561
10230696, 314, 561
10241096, 293, 561
10251496, 277, 561
10261896, 303, 561
10272296, 259, 561
10282696, 204, 561
10293096, 411, 561
10303504, 393, 561
10313896, 356, 561
10324296, 343, 561
10334696, 330, 561
10345096, 321, 561
10355496, 310, 561
10365896, 309, 561
10376296, 308, 561
10386696, 286, 561
10397096, 320, 561
10407496, 312, 561
10417896, 327, 561
10428296, 320, 561
10438696, 331, 561
10449096, 327, 561
10459496, 323, 561
10469896, 327, 561
10480296, 326, 561
10490696, 337, 561
10501096, 339, 561
10511496, 342, 561
10521896, 335, 561
10532296, 318, 561
10542696, 320, 561
10553096, 323, 561
10563496, 323, 561
10573896, 328, 561
10584296, 352, 561
10594696, 429, 561
10605096, 529, 561
10615496, 351, 561
10625896, 96, 561
10635776, 229, 561
10646176, 319, 561
10656576, 357, 561
10666976, 352, 561
10677376, 341, 561
10687776, 343, 561
10698176, 345, 561
10708576, 346, 561
10718976, 350, 561
10729376, 346, 561
10739776, 326, 561
10750176, 339, 561
10760576, 364, 561
10770976, 401, 561
10781376, 403, 561
10791776, 396, 561
10802184, 407, 561
10812576, 412, 561
10822976, 416, 561
10833376, 419, 561
10843776, 418, 561
10854176, 411, 561
10864576, 395, 561
10874976, 373, 561
10885376, 351, 561
10895776, 329, 561
10906176, 311, 561
10916576, 311, 561
10926976, 310, 561
10937376, 310, 561
10947776, 310, 561
10958176, 311, 561
10968576, 310, 561
10978976, 314, 561
10989376, 318, 561
10999776, 316, 561
11010176, 317, 561
11020576, 318, 561
11030976, 317, 561
11041376, 316, 561
11051776, 317, 561
11062176, 320, 561
11072576, 321, 561
11082976, 321, 561
11093376, 322, 561
11103776, 317, 561
11114176, 317, 561
11124576, 321, 561
11134984, 315, 561
11145376, 320, 561
11155776, 319, 561
11166176, 323, 561
11176576, 327, 561
11186976, 324, 561
11197376, 319, 561
11207776, 317, 561
11218176, 319, 561
11228576, 321, 561
11238976, 321, 561
11249376, 323, 561
11259776, 326, 561
11270176, 376, 561
11280576, 484, 561
11290976, 484, 561
11301376, 168, 561
11311776, 171, 561
11322176, 276, 561
11332576, 313, 561
11342976, 328, 561
11353376, 332, 561
11363776, 337, 561
11374176, 340, 561
11384576, 341, 561
11394976, 342, 561
11405376, 344, 561
11415776, 347, 561
endOfStimuli
#Category 2
11463492, 369, 561
11465452, 371, 561
11467404, 374, 561
11469372, 375, 561
11472644, 383, 561
11483048, 396, 561
11493448, 400, 561
11503844, 410, 561
11514244, 410, 561
11524652, 414, 561
11535048, 402, 561
11545448, 381, 561
11555856, 367, 561
11566248, 346, 561
11576648, 325, 561
11587048, 303, 561
11597452, 299, 561
11607848, 298, 561
11618248, 300, 561
11628644, 295, 561
11639048, 290, 561
11649444, 304, 561
11659848, 315, 561
11670252, 305, 561
11680648, 309, 561
11691044, 317, 561
11701448, 305, 561
11711848, 314, 561
11722248, 312, 561
11732648, 294, 561
11743048, 300, 561
11753448, 308, 561
11763844, 308, 561
11774244, 300, 561
11784648, 306, 561
11795048, 304, 561
11805444, 308, 561
11815848, 320, 561
11826248, 348, 561
11836644, 346, 561
11847048, 348, 561
11857452, 336, 561
11867848, 336, 561
11878248, 329, 561
11888656, 324, 561
11899048, 321, 561
11909444, 306, 561
11919848, 295, 561
11930248, 313, 561
11940648, 309, 561
11951048, 364, 561
11961444, 465, 561
11971848, 509, 561
11982244, 221, 561
11992648, 152, 561
12003048, 276, 561
12013448, 318, 561
12023848, 332, 561
12034244, 336, 561
12044648, 334, 561
12055044, 328, 561
12065448, 328, 561
12075848, 323, 561
12086248, 322, 561
12096644, 321, 561
12107044, 358, 561
12117448, 358, 561
12127848, 359, 561
12138248, 379, 561
12148648, 382, 561
12159044, 382, 561
12169444, 391, 561
12179844, 394, 561
12190252, 396, 562
12200648, 394, 562
12211048, 381, 561
12221456, 399, 562
12231848, 394, 562
12242244, 377, 562
12252648, 346, 562
12263048, 327, 562
12273444, 317, 562
12283848, 313, 562
12294248, 316, 562
12304652, 315, 562
12315044, 317, 562
12325448, 316, 562
12335848, 314, 562
12346248, 314, 562
12356644, 316, 562
12367048, 312, 562
12377448, 312, 562
12387844, 309, 562
12398248, 312, 562
12408648, 320, 562
12419044, 328, 562
12429444, 331, 562
12439844, 329, 562
12450248, 327, 562
12460648, 325, 562
12471048, 324, 562
12481448, 321, 562
12491844, 320, 562
12502244, 319, 562
12512648, 318, 562
12523052, 326, 562
12533444, 336, 562
12543848, 339, 562
12554256, 343, 562
12564648, 336, 562
12575048, 335, 562
12585448, 326, 562
12595852, 324, 562
12606248, 326, 562
12616648, 347, 562
12627048, 419, 562
12637452, 542, 562
12647844, 424, 562
12658248, 138, 562
12668648, 250, 562
12679044, 315, 562
12689444, 337, 562
12699844, 338, 562
12710248, 339, 562
12720648, 344, 562
12731048, 349, 562
12741444, 353, 562
12751848, 357, 562
12762244, 364, 562
12772644, 374, 562
12783048, 375, 562
12793448, 380, 562
12803848, 382, 562
12814248, 387, 562
12824644, 392, 562
12835044, 402, 562
12845444, 413, 562
12855852, 423, 562
12866248, 432, 562
12876648, 437, 562
12887056, 430, 562
12897448, 413, 562
12907844, 390, 562
12918248, 365, 562
12928648, 346, 562
12939044, 333, 562
12949448, 328, 562
12959844, 325, 562
12970248, 324, 562
12980644, 325, 562
12991048, 321, 562
13001448, 322, 562
13011844, 321, 562
13022244, 320, 562
13032644, 320, 562
13043048, 325, 562
13053448, 330, 562
13063848, 333, 562
13074248, 332, 562
13084648, 330, 562
13095044, 330, 562
13105448, 329, 562
13115848, 327, 562
13126248, 326, 562
13136648, 324, 562
13147048, 324, 562
13157444, 323, 562
13167844, 326, 562
13178244, 328, 562
13188648, 336, 562
13199048, 338, 562
13209448, 332, 562
13219856, 327, 562
13230248, 324, 562
13240644, 322, 562
13251048, 323, 562
13261452, 324, 562
13271848, 324, 562
13282248, 341, 562
13292644, 409, 562
13303048, 531, 562
13313444, 422, 562
13323848, 123, 562
13334248, 227, 562
13344648, 293, 562
13355044, 317, 562
13365448, 323, 562
13375848, 327, 562
13386248, 330, 562
13396648, 333, 562
13407048, 334, 562
13417448, 337, 562
13427848, 338, 562
13438244, 341, 562
13448648, 342, 562
13459048, 346, 562
13469448, 353, 562
13479848, 362, 562
13490244, 373, 562
13500644, 384, 562
13511044, 397, 562
13521452, 401, 562
13531844, 406, 562
13542248, 405, 562
13552656, 397, 562
13563048, 384, 562
13573448, 362, 562
13583848, 337, 562
13594248, 321, 562
13604648, 309, 562
13615044, 300, 562
13625444, 297, 562
13635848, 297, 562
13646244, 296, 563
13656648, 296, 563
13667048, 297, 563
13677448, 300, 563
13687844, 299, 563
13698244, 299, 563
13708648, 300, 563
13719048, 301, 563
13729444, 304, 563
13739848, 303, 563
13750248, 304, 563
13760644, 305, 563
13771044, 306, 563
13781448, 305, 563
13791848, 304, 563
13802248, 305, 563
13812648, 309, 563
13823044, 308, 563
13833444, 309, 563
13843844, 309, 563
13854252, 315, 563
13864648, 318, 563
13875048, 320, 563
13885456, 317, 563
13895848, 319, 563
13906248, 318, 563
13916648, 316, 563
13927052, 321, 563
13937448, 318, 563
13947848, 322, 563
13958244, 365, 563
13968648, 471, 563
13979044, 534, 563
13989444, 239, 563
13999848, 151, 563
14010248, 268, 563
14020644, 312, 563
14031048, 326, 563
14041448, 330, 563
14051848, 334, 563
14062248, 334, 563
14072644, 339, 563
14083048, 342, 563
14093448, 347, 563
14103844, 350, 563
14114248, 353, 563
14124644, 360, 563
14135048, 367, 563
14145448, 375, 563
14155852, 384, 563
14166244, 395, 563
14176644, 408, 563
14187048, 418, 563
14197448, 425, 563
14207848, 429, 563
14218256, 423, 563
14228648, 414, 563
14239044, 392, 563
14249448, 370, 563
14259852, 348, 563
14270248, 333, 563
14280648, 324, 563
14291044, 320, 563
14301448, 317, 563
14311844, 313, 563
14322248, 313, 563
14332652, 315, 563
14343048, 316, 563
14353448, 317, 563
14363844, 319, 563
14374248, 320, 563
14384648, 321, 563
14395048, 323, 563
14405444, 323, 563
14415848, 323, 563
14426244, 322, 563
14436644, 324, 563
14447048, 325, 563
14457444, 323, 563
14467848, 322, 563
14478248, 322, 563
14488644, 324, 563
14499044, 325, 563
14509444, 326, 563
14519852, 325, 563
14530244, 324, 563
14540644, 329, 563
14551056, 336, 563
14561448, 336, 563
14571848, 332, 563
14582248, 333, 563
14592648, 331, 563
14603044, 332, 563
14613448, 332, 563
14623844, 333, 563
14634252, 334, 563
14644648, 368, 563
14655048, 461, 563
14665448, 559, 563
14675848, 321, 563
14686244, 149, 563
14696644, 269, 563
14707048, 315, 563
14717448, 332, 563
14727848, 335, 563
14738244, 341, 563
14748648, 345, 563
14759044, 347, 563
14769448, 350, 563
14779848, 354, 563
14790248, 357, 563
14800648, 360, 563
14811048, 365, 563
14821452, 371, 563
14831844, 377, 563
14842244, 385, 563
14852652, 396, 563
14863044, 409, 563
14873444, 420, 563
14883856, 425, 563
14894252, 428, 563
14904648, 425, 563
14915044, 415, 563
14925448, 396, 563
14935848, 372, 563
14946248, 349, 563
14956644, 332, 563
14967052, 320, 563
14977444, 313, 563
14987848, 310, 563
14998248, 306, 563
15008644, 305, 563
15019044, 306, 563
15029444, 307, 563
15039848, 309, 563
15050248, 313, 563
15060648, 314, 563
15071048, 316, 563
15081448, 316, 563
15091848, 317, 563
15102244, 316, 563
15112648, 316, 563
15123048, 316, 563
15133448, 316, 563
15143848, 315, 563
15154252, 315, 563
15164648, 314, 564
15175048, 313, 563
15185452, 314, 563
15195848, 313, 563
15206248, 314, 564
15216656, 315, 563
15227052, 321, 564
15237444, 325, 564
15247848, 325, 564
15258248, 322, 564
15268648, 319, 564
15279048, 318, 564
15289444, 317, 564
15299848, 318, 564
15310248, 318, 564
15320648, 319, 564
15331048, 359, 564
15341448, 457, 564
15351844, 534, 564
15362244, 271, 564
15372648, 150, 564
15383048, 261, 564
15393448, 303, 564
15403848, 317, 564
15414248, 321, 564
15424644, 326, 564
15435044, 330, 564
15445448, 335, 564
15455848, 335, 564
15466248, 338, 564
15476648, 340, 564
15487044, 343, 564
15497444, 348, 564
15507848, 353, 564
15518252, 361, 564
15528648, 371, 563
15539048, 382, 563
15549456, 394, 563
15559848, 404, 563
15570244, 413, 563
15580648, 414, 563
15591048, 411, 563
15601448, 400, 563
15611848, 380, 564
15622244, 355, 564
15632652, 334, 564
15643048, 317, 564
15653448, 306, 564
15663852, 302, 564
15674248, 299, 564
15684648, 298, 564
15695044, 299, 564
15705448, 299, 564
15715848, 300, 564
15726248, 303, 564
15736648, 304, 564
15747048, 306, 564
15757444, 306, 564
15767844, 308, 564
15778248, 309, 564
15788644, 311, 564
15799048, 313, 564
15809448, 313, 564
15819852, 313, 564
15830248, 314, 564
15840648, 312, 564
15851052, 311, 564
15861448, 312, 564
15871848, 313, 564
15882256, 314, 564
15892652, 314, 564
15903044, 316, 564
15913448, 318, 564
15923852, 319, 564
15934248, 319, 564
15944648, 318, 564
15955048, 316, 564
15965448, 321, 564
15975844, 327, 564
15986248, 329, 564
15996648, 325, 564
16007044, 326, 564
16017444, 324, 564
16027844, 324, 564
16038248, 323, 564
16048648, 322, 564
16059044, 327, 564
16069448, 377, 564
16079848, 494, 564
16090244, 525, 564
16100644, 210, 564
16111048, 192, 564
16121448, 285, 564
16131848, 321, 564
16142244, 329, 564
16152644, 329, 564
16163044, 334, 564
16173444, 338, 564
16183852, 342, 564
16194248, 347, 564
16204648, 348, 564
16215056, 351, 564
16225448, 354, 564
16235844, 358, 564
16246244, 364, 564
16256652, 370, 564
16267048, 381, 564
16277448, 394, 564
16287844, 406, 564
16298248, 418, 564
16308648, 422, 564
16319048, 425, 564
16329448, 421, 564
16339848, 410, 565
16350244, 388, 565
16360644, 364, 564
16371048, 342, 564
16381444, 327, 565
16391848, 316, 565
16402248, 310, 565
16412644, 307, 565
16423044, 307, 565
16433444, 306, 565
16443848, 307, 565
16454244, 308, 564
16464648, 311, 565
16475048, 314, 564
16485444, 316, 564
16495848, 317, 564
16506248, 318, 564
16516652, 317, 564
16527048, 318, 564
16537448, 318, 563
16547856, 318, 563
16558248, 319, 563
16568644, 320, 563
16579048, 318, 563
16589448, 318, 563
16599848, 319, 563
16610248, 318, 563
16620648, 318, 563
16631048, 319, 563
16641444, 320, 563
16651848, 321, 563
16662248, 324, 563
16672644, 323, 563
16683044, 321, 563
16693444, 321, 563
16703848, 321, 563
16714248, 327, 563
16724648, 330, 563
16735044, 327, 563
16745448, 325, 563
16755844, 323, 563
16766244, 324, 563
16776648, 323, 563
16787048, 324, 563
16797448, 325, 563
16807844, 350, 563
16818252, 425, 563
16828648, 549, 563
16839044, 410, 563
16849452, 143, 563
16859848, 246, 563
16870248, 304, 563
16880656, 326, 563
16891048, 330, 563
16901444, 332, 563
16911848, 334, 563
16922252, 337, 563
16932648, 339, 563
16943048, 342, 563
16953448, 345, 563
16963852, 348, 563
16974244, 353, 563
16984648, 358, 563
16995048, 364, 563
17005444, 373, 563
17015844, 383, 563
17026244, 396, 563
17036648, 408, 563
17047048, 416, 563
17057448, 419, 563
17067848, 420, 563
17078248, 411, 563
17088648, 395, 563
17099044, 372, 563
17109448, 350, 563
17119848, 330, 563
17130248, 316, 563
17140648, 309, 564
17151048, 305, 563
17161444, 302, 563
17171844, 302, 563
17182248, 304, 563
17192648, 305, 564
17203044, 308, 563
17213456, 310, 563
17223848, 312, 564
17234248, 311, 564
17244648, 311, 564
17255048, 313, 564
17265448, 316, 563
17275848, 317, 564
17286248, 319, 564
17296652, 320, 564
17307044, 318, 563
17317448, 318, 564
17327848, 319, 564
17338248, 318, 563
17348648, 319, 563
17359048, 319, 563
17369448, 321, 563
17379848, 320, 563
17390244, 321, 563
17400644, 322, 563
17411044, 322, 563
17421444, 322, 563
17431844, 323, 563
17442248, 324, 563
17452644, 325, 563
17463048, 326, 563
17473448, 327, 563
17483844, 328, 564
17494244, 335, 564
17504648, 337, 564
17515048, 333, 564
17525448, 331, 564
17535848, 331, 564
17546256, 332, 564
17556652, 332, 565
17567044, 333, 565
17577448, 335, 565
17587848, 380, 565
17598248, 485, 565
17608648, 550, 565
17619044, 272, 565
17629448, 177, 565
17639844, 279, 565
17650248, 319, 565
17660648, 335, 565
17671048, 336, 565
17681444, 339, 565
17691848, 343, 565
17702248, 343, 565
17712648, 345, 565
17723048, 347, 565
17733448, 349, 565
17743848, 352, 565
17754244, 357, 565
17764644, 363, 565
17775048, 368, 565
17785448, 378, 566
17795844, 389, 565
17806248, 400, 566
17816644, 412, 566
17827048, 420, 566
17837448, 423, 566
17847852, 422, 566
17858248, 413, 566
17868648, 394, 566
17879056, 369, 566
17889448, 344, 566
17899844, 325, 566
17910248, 314, 566
17920652, 307, 566
17931048, 304, 566
17941448, 302, 566
17951844, 304, 566
17962248, 303, 566
17972644, 303, 566
17983048, 304, 566
17993448, 306, 566
18003848, 306, 566
18014244, 309, 566
18024644, 311, 566
18035048, 313, 566
18045448, 313, 566
18055848, 314, 566
18066248, 314, 566
18076648, 314, 566
18087044, 313, 566
18097448, 314, 566
18107848, 314, 566
18118248, 314, 566
18128648, 315, 566
18139048, 314, 566
18149444, 315, 566
18159844, 315, 566
18170244, 315, 566
18180652, 317, 566
18191048, 317, 566
18201448, 319, 566
18211856, 319, 566
18222248, 319, 566
18232644, 319, 566
18243048, 320, 566
18253452, 322, 566
18263848, 322, 566
18274244, 322, 566
18284644, 324, 566
18295048, 329, 566
18305444, 333, 566
18315848, 332, 566
18326248, 328, 566
18336648, 326, 566
18347044, 326, 566
18357444, 328, 566
18367848, 327, 566
18378248, 328, 566
18388644, 350, 566
18399048, 414, 566
18409448, 543, 566
18419844, 433, 566
18430244, 151, 566
18440648, 243, 566
18451048, 310, 566
18461448, 329, 566
18471848, 331, 566
18482252, 333, 566
18492648, 335, 566
18503044, 337, 566
18513448, 341, 566
18523848, 343, 566
18534248, 346, 566
18544656, 350, 566
18555048, 354, 566
18565448, 359, 566
18575848, 364, 566
18586248, 371, 566
18596648, 381, 566
18607048, 393, 566
18617444, 406, 566
18627848, 417, 567
18638244, 424, 567
18648644, 425, 566
18659048, 419, 566
18669448, 406, 566
18679844, 384, 566
18690244, 359, 566
18700648, 339, 566
18711044, 325, 566
18721448, 313, 566
18731848, 308, 566
18742248, 309, 567
18752644, 306, 566
18763044, 307, 567
18773448, 308, 566
18783848, 309, 567
18794248, 312, 566
18804648, 313, 567
18815044, 315, 567
18825444, 315, 567
18835844, 316, 567
18846252, 318, 567
18856648, 319, 567
18867048, 319, 567
18877456, 320, 567
18887848, 321, 567
18898244, 321, 567
18908648, 320, 567
18919052, 322, 567
18929448, 323, 567
18939848, 321, 567
18950244, 323, 567
18960648, 325, 567
18971044, 325, 567
18981444, 326, 567
18991848, 327, 567
19002244, 327, 567
19012644, 329, 567
19023044, 328, 567
19033448, 329, 566
19043848, 332, 566
19054248, 332, 566
19064648, 333, 566
19075048, 334, 566
19085444, 334, 566
19095844, 334, 566
19106248, 337, 566
19116648, 342, 566
19127048, 345, 566
19137448, 342, 566
19147852, 339, 566
19158248, 339, 566
19168648, 340, 566
19179052, 341, 566
19189448, 340, 565
19199848, 345, 565
19210256, 393, 565
19220648, 502, 565
19231044, 545, 565
19241448, 251, 565
19251852, 193, 565
19262248, 289, 565
19272648, 328, 565
19283044, 341, 565
19293448, 342, 565
19303848, 345, 565
19314248, 347, 565
19324652, 350, 565
19335048, 351, 565
19345448, 354, 565
19355848, 356, 565
19366248, 359, 565
19376644, 363, 564
19387048, 366, 565
19397448, 371, 564
19407848, 380, 564
19418244, 389, 564
19428644, 400, 564
19439048, 413, 565
19449448, 423, 565
19459848, 425, 565
19470244, 424, 565
19480648, 414, 565
19491044, 396, 565
19501444, 369, 565
19511852, 344, 565
19522248, 325, 565
19532648, 313, 565
19543056, 307, 565
19553448, 305, 565
19563844, 302, 565
19574248, 301, 565
19584648, 301, 565
19595048, 301, 565
19605448, 300, 565
19615844, 302, 565
19626248, 304, 565
19636644, 306, 565
19647048, 309, 565
19657452, 310, 565
19667848, 311, 565
19678244, 313, 565
19688644, 312, 565
19699048, 311, 565
19709448, 311, 565
19719848, 310, 565
19730248, 309, 565
19740648, 309, 565
19751044, 310, 565
19761448, 310, 565
19771848, 311, 565
19782248, 311, 566
19792648, 311, 566
19803048, 311, 565
19813452, 311, 565
19823844, 312, 565
19834248, 313, 566
19844652, 314, 566
19855048, 314, 566
19865448, 315, 566
19875856, 316, 565
19886252, 316, 565
19896644, 317, 565
19907048, 316, 565
19917448, 314, 565
19927848, 316, 565
19938248, 319, 565
19948648, 326, 565
19959048, 327, 564
19969444, 322, 564
19979844, 324, 564
19990252, 321, 564
20000648, 321, 564
20011044, 323, 564
20021444, 322, 564
20031848, 336, 564
20042248, 386, 564
20052648, 507, 564
20063048, 476, 564
20073448, 173, 564
20083844, 214, 564
20094244, 300, 564
20104648, 324, 564
20115048, 325, 564
20125448, 328, 564
20135848, 330, 564
20146244, 331, 564
20156644, 335, 564
20167048, 337, 564
20177448, 338, 564
20187848, 342, 564
20198248, 345, 564
20208656, 349, 564
20219052, 355, 565
20229444, 362, 565
20239848, 371, 565
20250252, 381, 565
20260648, 393, 565
20271048, 405, 565
20281444, 412, 565
20291852, 414, 565
20302248, 412, 565
20312648, 401, 565
20323048, 382, 565
20333448, 359, 565
20343848, 339, 565
20354244, 322, 565
20364648, 311, 565
20375044, 303, 565
20385448, 302, 565
20395848, 301, 565
20406248, 299, 566
20416644, 299, 566
20427044, 301, 566
20437448, 304, 566
20447848, 308, 566
20458248, 310, 566
20468648, 311, 566
20479044, 313, 566
20489444, 313, 566
20499848, 313, 566
20510248, 312, 566
20520648, 314, 566
20531048, 314, 566
20541456, 314, 566
20551848, 314, 566
20562248, 315, 566
20572644, 314, 566
20583052, 315, 566
20593448, 315, 566
20603848, 314, 566
20614244, 316, 566
20624652, 317, 566
20635048, 318, 566
20645448, 319, 566
20655848, 321, 566
20666248, 322, 566
20676644, 322, 566
20687044, 324, 566
20697448, 322, 566
20707848, 325, 566
20718248, 325, 566
20728648, 325, 566
20739048, 326, 566
20749444, 328, 566
20759844, 329, 566
20770248, 333, 566
20780648, 334, 567
20791048, 335, 567
20801448, 330, 567
20811852, 330, 567
20822244, 327, 567
20832644, 328, 567
20843048, 326, 567
20853448, 326, 567
20863848, 335, 567
20874256, 386, 567
20884652, 495, 567
20895048, 500, 567
20905448, 194, 567
20915848, 196, 567
20926248, 287, 567
20936648, 318, 567
20947048, 319, 567
20957452, 322, 567
20967844, 325, 567
20978244, 326, 567
20988648, 330, 567
20999048, 331, 567
21009448, 334, 567
21019848, 337, 567
21030248, 339, 567
21040648, 344, 567
21051048, 348, 567
21061448, 353, 567
21071848, 362, 567
21082248, 371, 567
21092644, 383, 567
21103048, 394, 567
21113448, 405, 567
21123848, 410, 567
21134248, 409, 567
21144644, 400, 567
21155044, 384, 567
21165444, 362, 567
21175852, 339, 567
21186244, 321, 567
21196648, 310, 567
21207056, 304, 567
21217448, 303, 567
21227844, 301, 567
21238248, 300, 567
21248648, 301, 567
21259048, 304, 568
21269448, 304, 568
21279844, 307, 568
21290248, 311, 569
21300644, 310, 569
21311048, 314, 570
21321448, 315, 570
21331844, 313, 571
21342244, 322, 571
21352648, 320, 572
21363048, 319, 572
21373444, 319, 573
21383844, 318, 573
21394248, 321, 573
21404644, 321, 574
21415048, 324, 574
21425444, 320, 574
21435848, 320, 575
21446248, 322, 575
21456644, 320, 575
endOfStimuli
