#Category 1
1419348, 484, 675
1421352, 497, 675
1423264, 504, 675
1425188, 504, 675
1427100, 487, 675
1436260, 469, 675
1446136, 335, 675
1456016, 412, 675
1465896, 381, 674
1475776, 345, 675
1485656, 362, 674
1495536, 355, 675
1505416, 354, 674
1515300, 390, 674
1525176, 443, 675
1535056, 585, 675
1544940, 443, 674
1554816, 575, 675
1564696, 663, 675
1574580, 660, 674
1584456, 121, 674
1594340, 25, 674
1603696, 193, 674
1613576, 128, 674
1623456, 47, 674
1632816, 314, 674
1642696, 587, 674
1652576, 661, 674
1662460, 662, 674
1672336, 640, 674
1682216, 225, 674
1692100, 329, 674
1701976, 399, 674
1711856, 394, 674
1721736, 378, 674
1731620, 324, 674
1741496, 365, 674
1751376, 419, 674
1761256, 451, 674
1771140, 468, 674
1781020, 507, 674
1790900, 663, 674
1800780, 663, 674
1810660, 642, 674
1820536, 117, 674
1830416, 400, 674
1840296, 475, 674
1850180, 372, 674
1860056, 473, 674
1869936, 444, 674
1879816, 422, 674
1889700, 405, 674
1899576, 283, 674
1909460, 315, 674
1919340, 441, 674
1929240, 417, 674
1939096, 479, 674
1948980, 424, 674
1958856, 385, 674
1968736, 446, 674
1978620, 414, 674
1988496, 373, 674
1998376, 394, 674
2008256, 402, 674
2018136, 386, 674
2028020, 391, 674
2037896, 397, 674
2047780, 381, 674
2057656, 378, 674
2067540, 370, 674
2077420, 345, 674
2087296, 349, 674
2097180, 345, 674
2107060, 362, 674
2116940, 386, 674
2126816, 410, 674
2136700, 406, 674
2146576, 386, 674
2156460, 377, 674
2166336, 379, 674
2176216, 373, 674
2186100, 371, 674
2195976, 371, 675
2205860, 365, 674
2215736, 374, 674
2225616, 422, 674
2235496, 410, 674
2245380, 513, 675
2255256, 413, 675
2265136, 432, 675
2275016, 500, 675
2284900, 465, 675
2294800, 82, 674
2304140, 101, 674
2314016, 265, 675
2323896, 360, 675
2333780, 414, 675
2343660, 465, 675
2353536, 411, 674
2363416, 386, 674
2373300, 344, 675
2383180, 326, 675
2393060, 348, 674
2402936, 374, 675
2412820, 382, 675
2422700, 408, 675
2432576, 397, 675
2442456, 408, 675
2452336, 410, 675
2462216, 400, 675
2472096, 432, 675
2481980, 432, 675
2491860, 440, 675
2501736, 431, 675
2511620, 404, 675
2521500, 413, 675
2531376, 410, 675
2541256, 377, 675
2551140, 358, 675
2561040, 350, 675
2570900, 336, 675
2580780, 329, 675
2590656, 324, 675
2600536, 317, 675
2610416, 312, 675
2620296, 307, 675
2630176, 304, 675
2640056, 298, 675
2649936, 314, 675
2659820, 317, 675
2669696, 316, 675
2679576, 315, 675
2689456, 316, 675
2699340, 323, 675
2709220, 334, 675
2719096, 336, 675
2728980, 323, 675
2738856, 317, 675
2748740, 310, 675
2758616, 312, 675
2768496, 307, 675
2778380, 305, 675
2788256, 310, 675
2798136, 312, 675
2808020, 312, 675
2817896, 311, 675
2827776, 309, 675
2837656, 310, 675
2847540, 309, 675
2857416, 309, 675
2867296, 313, 675
2877176, 369, 675
2887056, 470, 675
2896936, 434, 675
2906816, 117, 675
2916696, 150, 675
2926580, 136, 675
2936456, 228, 675
2946336, 348, 675
2956216, 445, 675
2966100, 417, 675
2975980, 328, 675
2985856, 329, 675
2995736, 344, 675
3005616, 362, 676
3015496, 355, 675
3025376, 345, 675
3035256, 339, 675
3045140, 350, 676
3055016, 356, 676
3064896, 366, 676
3074776, 379, 676
3084660, 386, 676
3094544, 391, 676
3104420, 396, 676
3114296, 401, 676
3124176, 398, 676
3134056, 391, 676
3143936, 376, 676
3153820, 352, 676
3163700, 332, 676
3173580, 312, 676
3183460, 304, 676
3193336, 298, 676
3203216, 292, 676
3213096, 289, 676
3222976, 292, 676
3232856, 293, 676
3242740, 296, 676
3252620, 293, 676
3262500, 290, 676
3272380, 299, 676
3282256, 301, 676
3292136, 297, 676
3302020, 300, 676
3311896, 305, 676
3321780, 300, 676
3331656, 299, 676
3341540, 303, 676
3351416, 290, 676
3361296, 297, 676
3371180, 303, 676
3381060, 306, 676
3390936, 298, 676
3400816, 292, 676
3410700, 281, 676
3420580, 275, 676
3430456, 297, 676
3440340, 327, 676
3450216, 334, 676
3460120, 336, 676
3469976, 328, 676
3479860, 311, 676
3489736, 327, 676
3499616, 409, 676
3509496, 521, 677
3519380, 420, 676
3529256, 95, 676
3538616, 197, 676
3548496, 273, 677
3558376, 313, 676
3568256, 319, 676
3578136, 311, 677
3588020, 304, 676
3597900, 329, 677
3607776, 340, 677
3617656, 341, 677
3627536, 347, 677
3637420, 372, 677
3647300, 314, 677
3657176, 299, 677
3667060, 347, 677
3676936, 297, 677
3686820, 445, 677
3696700, 500, 677
3706580, 398, 677
3716460, 87, 677
3725820, 506, 677
3735696, 534, 677
3745576, 538, 677
3755456, 368, 677
3765340, 315, 677
3775216, 331, 677
3785100, 342, 677
3794980, 328, 677
3804856, 324, 677
3814736, 334, 677
3824616, 320, 677
3834500, 299, 677
3844380, 247, 677
3854260, 206, 677
3864140, 244, 677
3874016, 265, 677
3883896, 281, 677
3893776, 294, 677
3903660, 294, 677
3913540, 300, 677
3923416, 305, 677
3933300, 314, 677
3943176, 321, 677
3953056, 314, 677
3962936, 311, 677
3972820, 308, 677
3982696, 303, 677
3992600, 299, 677
4002456, 298, 677
4012340, 297, 677
4022220, 300, 677
4032100, 298, 677
4041980, 295, 677
4051860, 292, 677
4061740, 294, 677
4071616, 303, 677
4081496, 304, 677
4091380, 304, 677
4101260, 308, 677
4111136, 344, 677
4121020, 433, 677
4130896, 532, 677
4140776, 332, 677
4150656, 92, 677
4160016, 227, 677
4169900, 303, 677
4179780, 324, 677
4189656, 324, 677
4199536, 331, 677
4209416, 334, 677
4219300, 335, 678
4229176, 338, 677
4239060, 339, 678
4248940, 347, 678
4258840, 347, 678
4268700, 355, 678
4278580, 359, 677
4288460, 363, 678
4298336, 376, 678
4308216, 385, 678
4318100, 395, 678
4327976, 403, 678
4337856, 412, 678
4347736, 417, 678
4357620, 407, 678
4367496, 412, 678
4377376, 408, 678
4387256, 386, 678
4397136, 364, 678
4407020, 346, 678
4416896, 327, 678
endOfStimuli
#Category 2
4470576, 313, 678
4472492, 313, 678
4474396, 314, 678
4476324, 313, 678
4478252, 312, 678
4487492, 312, 678
4497372, 317, 678
4507252, 322, 678
4517132, 314, 678
4527012, 312, 678
4536892, 320, 678
4546772, 320, 678
4556652, 319, 678
4566532, 322, 678
4576412, 315, 678
4586292, 317, 678
4596172, 320, 678
4606052, 316, 678
4615932, 315, 678
4625812, 318, 678
4635692, 323, 678
4645572, 325, 678
4655452, 328, 678
4665340, 318, 678
4675212, 319, 678
4685092, 317, 678
4694972, 316, 678
4704852, 316, 678
4714732, 313, 678
4724612, 317, 678
4734492, 366, 678
4744372, 473, 678
4754252, 524, 678
4764132, 223, 678
4774012, 117, 678
4783892, 262, 678
4793772, 312, 678
4803652, 325, 678
4813532, 328, 678
4823412, 333, 678
4833300, 336, 678
4843172, 336, 678
4853052, 343, 678
4862932, 344, 678
4872812, 349, 678
4882692, 353, 678
4892572, 360, 678
4902452, 366, 678
4912332, 374, 678
4922212, 380, 678
4932092, 392, 678
4941972, 403, 678
4951852, 409, 678
4961732, 412, 678
4971612, 423, 678
4981492, 428, 678
4991372, 421, 678
5001252, 413, 678
5011132, 390, 678
5021012, 365, 678
5030892, 346, 678
5040772, 334, 678
5050652, 322, 678
5060532, 316, 678
5070412, 315, 678
5080292, 311, 678
5090172, 312, 678
5100052, 316, 678
5109932, 316, 678
5119812, 315, 678
5129692, 317, 678
5139572, 318, 678
5149452, 313, 678
5159332, 320, 678
5169212, 325, 678
5179092, 329, 678
5188972, 321, 678
5198864, 319, 678
5208732, 311, 679
5218612, 319, 679
5228492, 320, 679
5238372, 327, 678
5248252, 319, 678
5258132, 317, 678
5268012, 326, 679
5277892, 322, 679
5287772, 329, 679
5297652, 327, 679
5307532, 342, 679
5317412, 340, 679
5327292, 330, 679
5337172, 340, 679
5347052, 361, 679
5356932, 413, 679
5366812, 500, 679
5376692, 549, 679
5386572, 288, 679
5396452, 131, 679
5406332, 291, 679
5416212, 348, 679
5426092, 365, 679
5435972, 364, 679
5445852, 355, 679
5455732, 372, 679
5465612, 367, 679
5475492, 363, 679
5485372, 370, 679
5495252, 389, 679
5505132, 390, 679
5515012, 393, 679
5524892, 397, 679
5534772, 395, 679
5544652, 398, 679
5554532, 417, 679
5564436, 425, 679
5574292, 426, 679
5584172, 432, 679
5594052, 433, 679
5603932, 432, 679
5613812, 423, 679
5623692, 407, 679
5633572, 388, 679
5643452, 360, 679
5653332, 336, 679
5663212, 327, 679
5673092, 311, 679
5682972, 307, 679
5692852, 296, 679
5702732, 285, 679
5712612, 297, 679
5722492, 294, 680
5732372, 284, 679
5742252, 286, 680
5752132, 288, 679
5762012, 266, 679
5771892, 272, 679
5781772, 272, 679
5791652, 274, 679
5801532, 272, 679
5811412, 274, 680
5821292, 278, 680
5831172, 280, 680
5841052, 250, 680
5850932, 183, 679
5860812, 62, 679
5870172, 180, 679
5880052, 219, 679
5889932, 317, 680
5899812, 274, 680
5909692, 278, 680
5919572, 296, 680
5929452, 282, 680
5939332, 288, 680
5949212, 296, 680
5959092, 306, 680
5968972, 344, 680
5978852, 422, 680
5988732, 509, 680
5998612, 302, 680
6008492, 61, 680
6017852, 201, 680
6027732, 285, 680
6037612, 313, 680
6047492, 313, 680
6057372, 310, 680
6067252, 329, 680
6077132, 333, 680
6087012, 333, 680
6096916, 341, 680
6106772, 339, 680
6116652, 349, 680
6126532, 347, 680
6136412, 349, 680
6146292, 361, 680
6156172, 371, 680
6166052, 379, 680
6175932, 386, 680
6185812, 393, 680
6195692, 404, 680
6205572, 420, 680
6215452, 411, 680
6225332, 404, 680
6235212, 408, 680
6245092, 381, 680
6254972, 354, 680
6264852, 333, 680
6274732, 318, 680
6284612, 317, 680
6294492, 304, 680
6304372, 304, 680
6314252, 309, 680
6324132, 309, 680
6334012, 307, 680
6343892, 303, 680
6353772, 309, 680
6363652, 307, 680
6373532, 326, 680
6383412, 318, 680
6393292, 339, 680
6403172, 366, 680
6413052, 355, 681
6422932, 453, 681
6432812, 420, 680
6442692, 322, 681
6452572, 271, 680
6462476, 216, 680
6472332, 276, 680
6482212, 289, 681
6492092, 326, 681
6501972, 360, 680
6511852, 366, 681
6521732, 315, 681
6531612, 319, 681
6541492, 276, 681
6551372, 290, 681
6561252, 320, 681
6571132, 327, 681
6581012, 324, 681
6590892, 335, 681
6600772, 449, 681
6610652, 569, 681
6620532, 335, 681
6630420, 81, 681
6639772, 252, 681
6649652, 348, 681
6659532, 345, 681
6669412, 360, 681
6679292, 353, 681
6689172, 360, 681
6699052, 382, 681
6708932, 393, 681
6718812, 386, 681
6728716, 371, 681
6738572, 344, 681
6748452, 344, 681
6758332, 358, 681
6768212, 371, 681
6778092, 382, 681
6787972, 391, 681
6797852, 421, 681
6807732, 410, 681
6817612, 439, 681
6827492, 458, 681
6837372, 448, 681
6847252, 442, 681
6857132, 436, 681
6867012, 410, 681
6876892, 381, 681
6886772, 357, 681
6896660, 339, 681
6906532, 326, 681
6916412, 320, 681
6926292, 317, 681
6936172, 304, 681
6946052, 315, 681
6955932, 293, 681
6965812, 305, 681
6975692, 301, 681
6985572, 304, 681
6995452, 309, 681
7005332, 299, 681
7015212, 307, 681
7025092, 328, 681
7034972, 315, 681
7044852, 304, 681
7054732, 321, 681
7064612, 314, 681
7074492, 317, 681
7084372, 320, 681
7094252, 324, 681
7104132, 334, 681
7114012, 318, 681
7123892, 310, 681
7133772, 322, 681
7143652, 325, 681
7153532, 323, 681
7163412, 324, 681
7173292, 324, 681
7183172, 324, 681
7193052, 326, 681
7202932, 324, 681
7212812, 339, 681
7222692, 398, 681
7232572, 504, 681
7242452, 464, 681
7252332, 130, 681
7262224, 165, 681
7272092, 288, 681
7281972, 326, 681
7291852, 336, 681
7301732, 335, 681
7311612, 342, 681
7321492, 343, 681
7331372, 344, 681
7341252, 343, 681
7351132, 347, 681
7361012, 350, 681
7370892, 357, 681
7380772, 352, 681
7390652, 361, 681
7400532, 364, 681
7410412, 376, 681
7420292, 385, 681
7430172, 399, 681
7440052, 414, 681
7449932, 415, 681
7459812, 417, 681
7469692, 418, 681
endOfStimuli
