#Category 1
1420400, 321, 776
1422408, 319, 776
1424316, 318, 776
1426236, 316, 776
1428148, 317, 776
1437308, 314, 776
1447188, 307, 776
1457068, 305, 776
1466948, 299, 776
1476828, 311, 776
1486708, 317, 776
1496588, 267, 775
1506468, 355, 776
1516348, 485, 776
1526228, 406, 776
1536108, 144, 776
1545988, 196, 775
1555868, 313, 775
1565748, 314, 775
1575628, 308, 775
1585508, 289, 775
1595404, 270, 775
1605268, 257, 775
1615148, 252, 775
1625028, 281, 775
1634908, 290, 775
1644788, 318, 775
1654668, 314, 775
1664548, 311, 775
1674428, 294, 775
1684308, 263, 775
1694188, 245, 775
1704068, 278, 775
1713948, 314, 775
1723828, 336, 775
1733708, 360, 775
1743588, 354, 775
1753468, 319, 775
1763348, 301, 775
1773228, 300, 775
1783108, 299, 775
1792988, 321, 775
1802868, 319, 775
1812748, 368, 775
1822628, 379, 775
1832508, 374, 775
1842388, 386, 775
1852268, 382, 775
1862148, 386, 775
1872028, 380, 775
1881908, 375, 775
1891788, 375, 775
1901668, 366, 775
1911548, 363, 775
1921428, 359, 775
1931308, 370, 775
1941188, 367, 776
1951068, 382, 775
1960956, 374, 775
1970828, 358, 775
1980708, 354, 775
1990588, 323, 775
2000468, 301, 775
2010348, 326, 775
2020228, 303, 775
2030108, 265, 775
2039988, 202, 775
2049868, 315, 775
2059748, 429, 775
2069628, 307, 775
2079508, 88, 775
2088868, 208, 775
2098748, 339, 775
2108628, 352, 775
2118508, 342, 775
2128388, 357, 775
2138268, 350, 775
2148148, 341, 775
2158028, 356, 775
2167908, 375, 775
2177788, 373, 775
2187668, 359, 775
2197548, 380, 775
2207428, 362, 776
2217308, 331, 775
2227196, 332, 775
2237068, 336, 775
2246948, 341, 775
2256828, 362, 775
2266708, 369, 775
2276588, 375, 775
2286468, 344, 775
2296348, 308, 775
2306228, 257, 775
2316108, 215, 775
2325988, 217, 775
2335868, 211, 775
2345748, 206, 775
2355628, 208, 775
2365508, 218, 775
2375388, 212, 775
2385268, 191, 775
2395156, 201, 775
2405028, 216, 775
2414908, 204, 775
2424788, 245, 775
2434668, 233, 775
2444548, 237, 775
2454428, 266, 775
2464308, 330, 775
2474188, 358, 775
2484068, 388, 775
2493948, 392, 775
2503828, 409, 775
2513708, 421, 775
2523588, 403, 775
2533468, 373, 775
2543348, 395, 775
2553228, 378, 775
2563108, 373, 775
2572988, 359, 775
2582868, 324, 775
2592748, 347, 775
2602628, 465, 776
2612508, 491, 775
2622388, 287, 775
2632268, 171, 775
2642148, 351, 776
2652028, 407, 775
2661908, 440, 775
2671788, 449, 775
2681668, 450, 775
2691548, 489, 776
2701428, 520, 775
2711308, 568, 776
2721188, 558, 776
2731068, 529, 776
2740948, 505, 776
2750828, 478, 776
2760720, 467, 776
2770588, 465, 776
2780468, 465, 776
2790348, 473, 776
2800228, 475, 776
2810108, 458, 776
2819988, 420, 776
2829868, 378, 775
2839748, 329, 776
2849628, 294, 775
2859508, 275, 775
2869388, 253, 775
2879268, 255, 775
2889148, 248, 775
2899028, 264, 775
2908908, 280, 775
2918788, 282, 775
2928668, 288, 775
2938548, 291, 775
2948428, 298, 775
2958308, 315, 775
2968188, 323, 775
2978068, 347, 775
2987948, 369, 775
2997828, 374, 775
3007708, 359, 775
3017588, 351, 775
3027468, 356, 775
3037348, 350, 775
3047228, 348, 775
3057108, 339, 775
3066988, 328, 775
3076868, 308, 775
3086748, 290, 775
3096628, 299, 775
3106508, 296, 775
3116388, 291, 775
3126284, 290, 775
3136148, 282, 775
3146028, 251, 775
3155908, 303, 775
3165788, 430, 775
3175668, 359, 775
3185548, 93, 775
3194908, 121, 775
3204788, 267, 775
3214668, 266, 775
3224548, 273, 775
3234428, 276, 775
3244308, 287, 775
3254188, 290, 775
3264068, 290, 775
3273948, 282, 775
3283828, 274, 775
3293708, 279, 775
3303588, 296, 775
3313468, 327, 775
3323348, 361, 775
3333228, 383, 775
3343108, 411, 775
3352988, 422, 775
3362868, 422, 775
3372748, 408, 775
3382628, 381, 775
3392524, 365, 775
3402388, 349, 775
3412268, 340, 775
3422148, 345, 775
3432028, 355, 775
3441908, 347, 775
3451788, 334, 775
3461668, 334, 775
3471548, 312, 775
3481428, 320, 775
3491308, 317, 775
3501188, 316, 775
3511068, 320, 775
3520948, 313, 775
3530828, 319, 775
3540708, 325, 775
3550588, 338, 775
3560468, 350, 775
3570348, 360, 775
3580228, 357, 775
3590108, 345, 775
3599988, 329, 775
3609868, 303, 775
3619748, 285, 775
3629628, 272, 775
3639508, 256, 775
3649388, 264, 775
3659268, 275, 775
3669148, 287, 775
3679028, 311, 775
3688908, 316, 775
3698788, 322, 775
3708668, 285, 775
3718548, 336, 775
3728428, 441, 775
3738308, 367, 775
3748188, 108, 775
3758076, 145, 775
3767948, 307, 775
3777828, 328, 775
3787708, 339, 775
3797588, 366, 775
3807468, 382, 775
3817348, 401, 775
3827228, 406, 775
3837108, 395, 775
3846988, 387, 775
3856868, 388, 776
3866748, 390, 775
3876628, 400, 775
3886508, 409, 775
3896388, 414, 775
3906268, 412, 775
3916148, 423, 775
3926036, 432, 776
3935908, 436, 775
3945788, 432, 775
3955668, 417, 775
3965548, 388, 776
3975428, 351, 776
3985308, 311, 775
3995188, 298, 775
4005068, 270, 775
4014948, 246, 775
4024828, 232, 775
4034708, 202, 775
4044588, 184, 775
4054468, 174, 775
4064348, 157, 775
4074228, 179, 775
4084108, 61, 775
4093468, 38, 775
4102828, 112, 775
4112708, 191, 775
4122588, 213, 775
4132468, 282, 775
4142348, 326, 775
4152228, 360, 775
4162108, 381, 775
4171988, 400, 775
4181868, 433, 775
4191748, 434, 775
4201628, 413, 775
4211508, 402, 775
4221388, 402, 775
4231268, 411, 775
4241148, 411, 775
4251028, 396, 775
4260908, 394, 775
4270788, 354, 775
4280668, 345, 775
4290556, 468, 775
4300428, 536, 776
4310308, 313, 775
4320188, 112, 775
4330068, 315, 775
4339948, 356, 775
4349828, 346, 775
4359708, 366, 775
4369588, 372, 775
4379468, 383, 775
4389348, 380, 775
4399228, 378, 775
4409108, 375, 775
4418988, 379, 775
endOfStimuli
#Category 2
4504976, 446, 776
4506884, 443, 776
4508800, 442, 776
4510732, 439, 776
4512644, 434, 776
4521888, 406, 776
4531768, 382, 776
4541648, 357, 776
4551528, 343, 775
4561404, 354, 776
4571284, 340, 775
4581164, 339, 775
4591048, 344, 776
4600924, 340, 775
4610804, 362, 776
4620684, 371, 775
4630564, 386, 775
4640448, 365, 775
4650324, 352, 775
4660208, 338, 775
4670088, 327, 775
4679964, 323, 775
4689848, 301, 776
4699728, 306, 775
4709604, 296, 775
4719488, 297, 775
4729368, 306, 775
4739244, 273, 775
4749128, 277, 775
4759004, 283, 775
4768884, 286, 775
4778768, 284, 775
4788648, 286, 775
4798528, 292, 775
4808408, 295, 775
4818288, 306, 775
4828176, 318, 775
4838044, 307, 775
4847924, 253, 775
4857808, 359, 775
4867688, 542, 775
4877564, 454, 775
4887448, 58, 775
4896804, 202, 775
4906688, 328, 775
4916564, 332, 775
4926448, 345, 775
4936328, 350, 775
4946204, 363, 775
4956088, 375, 775
4965968, 387, 775
4975848, 393, 775
4985724, 403, 775
4995604, 416, 775
5005488, 402, 775
5015368, 399, 775
5025244, 387, 775
5035124, 381, 775
5045008, 382, 775
5054888, 391, 775
5064764, 408, 775
5074648, 415, 775
5084524, 418, 776
5094416, 407, 775
5104284, 382, 775
5114168, 362, 775
5124048, 328, 775
5133924, 313, 775
5143804, 310, 775
5153688, 306, 775
5163568, 289, 775
5173444, 276, 775
5183324, 264, 775
5193208, 254, 775
5203084, 253, 775
5212968, 254, 775
5222848, 247, 775
5232728, 253, 775
5242608, 257, 775
5252484, 267, 775
5262368, 276, 775
5272248, 290, 775
5282124, 315, 775
5292008, 339, 775
5301888, 356, 775
5311768, 355, 775
5321648, 350, 775
5331528, 349, 775
5341404, 338, 775
5351284, 323, 775
5361164, 329, 775
5371044, 335, 775
5380928, 336, 775
5390804, 332, 775
5400688, 341, 775
5410568, 322, 775
5420444, 251, 775
5430324, 341, 775
5440204, 533, 775
5450084, 496, 775
5459988, 75, 775
5469324, 153, 775
5479208, 322, 775
5489084, 319, 775
5498968, 333, 775
5508848, 338, 775
5518724, 338, 775
5528604, 343, 775
5538488, 333, 775
5548364, 332, 775
5558244, 328, 775
5568128, 334, 775
5578008, 348, 775
5587888, 359, 775
5597768, 374, 775
5607648, 387, 775
5617528, 401, 775
5627404, 415, 775
5637288, 417, 775
5647168, 411, 775
5657048, 401, 775
5666928, 389, 775
5676808, 377, 775
5686688, 348, 775
5696564, 345, 775
5706444, 329, 775
5716324, 320, 775
5726228, 320, 775
5736088, 309, 775
5745964, 311, 775
5755848, 306, 775
5765724, 310, 775
5775604, 307, 775
5785484, 305, 775
5795368, 310, 775
5805244, 306, 775
5815128, 308, 775
5825008, 305, 775
5834884, 302, 775
5844768, 306, 775
5854648, 305, 775
5864524, 310, 775
5874408, 310, 775
5884284, 310, 775
5894168, 318, 775
5904048, 324, 775
5913924, 324, 775
5923808, 315, 775
5933688, 310, 775
5943564, 308, 775
5953448, 304, 775
5963324, 309, 775
5973204, 313, 775
5983088, 284, 775
5992968, 254, 775
6002844, 423, 775
6012724, 594, 775
6022608, 381, 775
6032484, 41, 775
6041844, 239, 775
6051724, 314, 775
6061608, 317, 775
6071484, 322, 775
6081368, 329, 775
6091244, 333, 775
6101128, 340, 775
6111008, 346, 775
6120884, 344, 775
6130768, 352, 775
6140648, 357, 775
6150524, 370, 775
6160404, 384, 775
6170288, 390, 775
6180164, 405, 775
6190048, 408, 775
6199924, 409, 775
6209808, 400, 775
6219688, 405, 775
6229564, 411, 775
6239444, 398, 775
6249328, 379, 775
6259204, 366, 775
6269084, 347, 775
6278968, 334, 775
6288848, 327, 775
6298724, 323, 775
6308604, 316, 775
6318488, 308, 775
6328364, 310, 775
6338248, 306, 775
6348124, 306, 775
6358028, 307, 775
6367888, 310, 775
6377768, 315, 775
6387644, 315, 775
6397528, 318, 775
6407404, 313, 775
6417288, 309, 775
6427168, 317, 775
6437044, 323, 775
6446928, 344, 775
6456808, 350, 775
6466684, 352, 775
6476568, 341, 775
6486444, 328, 775
6496324, 320, 775
6506208, 307, 775
6516084, 307, 775
6525972, 306, 775
6535848, 303, 775
6545724, 268, 775
6555608, 243, 775
6565484, 425, 775
6575368, 599, 776
6585248, 394, 775
6595124, 63, 775
6604488, 258, 775
6614364, 334, 775
6624268, 328, 775
6634124, 345, 775
6644004, 356, 775
6653884, 351, 775
6663768, 360, 775
6673644, 354, 775
6683528, 354, 775
6693404, 344, 775
6703284, 340, 775
6713168, 351, 775
6723048, 355, 775
6732924, 368, 775
6742808, 386, 775
6752684, 429, 775
6762568, 430, 775
6772448, 423, 775
6782324, 437, 775
6792212, 439, 775
6802088, 415, 775
6811964, 385, 775
6821848, 352, 775
6831724, 333, 775
6841604, 322, 775
6851484, 314, 775
6861364, 312, 775
6871248, 308, 775
6881128, 311, 775
6891008, 317, 775
6900888, 326, 775
6910764, 327, 775
6920644, 322, 775
6930524, 334, 775
6940404, 330, 775
6950284, 331, 775
6960168, 338, 775
6970044, 328, 775
6979924, 335, 775
6989808, 331, 775
6999684, 331, 775
7009564, 334, 775
7019444, 342, 775
7029328, 341, 775
7039208, 326, 775
7049088, 323, 775
7058964, 323, 775
7068844, 343, 775
7078724, 322, 775
7088604, 320, 775
7098484, 308, 775
7108368, 253, 775
7118244, 356, 775
7128124, 556, 776
7138004, 514, 775
7147884, 97, 775
7157244, 139, 775
7167124, 296, 775
7177004, 286, 775
7186888, 293, 775
7196764, 301, 775
7206648, 319, 775
7216528, 320, 775
7226404, 320, 775
7236284, 331, 775
7246168, 337, 775
7256044, 331, 775
7265928, 339, 775
7275804, 339, 775
7285684, 344, 775
7295568, 358, 775
7305448, 377, 775
7315328, 407, 775
7325204, 428, 775
7335084, 437, 775
7344968, 437, 776
7354844, 414, 776
7364724, 384, 775
7374608, 348, 775
7384484, 327, 775
7394364, 308, 775
7404248, 296, 775
7414128, 296, 775
7424016, 293, 775
7433884, 293, 775
7443768, 296, 775
7453648, 297, 775
7463528, 306, 775
7473404, 307, 775
7483288, 306, 775
7493168, 308, 775
7503044, 313, 775
endOfStimuli
